# Tue 09:32:40 06-Jan-2015
begin	ecidentify Master
	id	Master
	task	ecidentify
	image	Master
	units	angstroms
	features	988
		  1   64    51.74  8784.56496   8784.5621   4.0  1  1
		  1   64   161.39  8799.08733   8799.0875   4.0  1  1
		  1   64   554.11  8849.90615   8849.9165   4.0  1  1
		  1   64   704.95   8868.8159   8868.8334   4.0  1  1
		  1   64  1009.04  8905.65359   8905.6581   4.0  1  1
		  2   65   175.01  8665.48532   8665.4855   4.0  1  1
		  2   65   275.10  8678.41167   8678.4083   4.0  1  1
		  2   65   517.97  8709.24529   8709.2341   4.0  1  1
		  2   65   834.04  8748.00485   8748.0309   4.0  1  1
		  2   65   920.24  8758.25888   8758.2434   4.0  1  1
		  2   65   949.37   8761.6893   8761.6862   4.0  1  1
		  3   66   218.81  8539.77827    8539.793   4.0  1  1
		  3   66   338.68   8554.9504    8554.944   4.0  1  1
		  3   66   484.14  8573.11362   8573.1205   4.0  1  1
		  3   66   752.47  8605.78575   8605.7762   4.0  1  1
		  3   66   876.48  8620.46476   8620.4602   4.0  1  1
		  4   67   254.10  8416.74067   8416.7269   4.0  1  1
		  4   67   264.14  8417.99501   8417.9982   4.0  1  1
		  4   67   290.01  8421.22187   8421.2254   4.0  1  1
		  4   67   486.75   8445.4833    8445.487   4.0  1  1
		  4   67   495.13  8446.50473   8446.5116   4.0  1  1
		  4   67   642.08   8464.2507   8464.2367   4.0  1  1
		  4   67   705.86  8471.84698    8471.826   4.0  1  1
		  4   67   761.13  8478.37265    8478.358   4.0  1  1
		  4   67   863.50  8490.31542   8490.3065   4.0  1  1
		  5   68   114.06  8275.61268   8275.6266   4.0  1  1
		  5   68   483.08  8320.85147   8320.8554   4.0  1  1
		  5   68   563.26  8330.44792   8330.4494   4.0  1  1
		  5   68   804.56  8358.71977    8358.726   4.0  1  1
		  6   69   147.06  8159.72779   8159.7277   4.0  1  1
		  6   69   229.46  8169.78999   8169.7865   4.0  1  1
		  6   69   371.10  8186.90946   8186.9113   4.0  1  1
		  6   69   936.26  8252.37619   8252.3936   4.0  1  1
		  7   70    58.52  8032.42745   8032.4313   4.0  1  1
		  7   70    97.79  8037.19788   8037.2183   4.0  1  1
		  7   70   171.60  8046.12411   8046.1169   4.0  1  1
		  7   70   797.78   8119.1662   8119.1811   4.0  1  1
		  7   70   972.73  8138.47789   8138.4753   4.0  1  1
		  7   70  1015.77  8143.13982    8143.138   4.0  1  1
		  8   71    34.83  7916.45208    7916.442   4.0  1  1
		  8   71   213.26  7937.74573   7937.7335   4.0  1  1
		  8   71   246.91  7941.72524   7941.7259   4.0  1  1
		  8   71   376.84  7956.97401    7956.974   4.0  1  1
		  8   71   511.90  7972.60426    7972.596   4.0  1  1
		  8   71   567.47  7978.96377   7978.9731   4.0  1  1
		  8   71   914.29  8017.56849   8017.5275   4.0  1  0
		  9   72   101.01   7814.3262    7814.323   4.0  1  1
		  9   72   130.17   7817.7606   7817.7669   4.0  1  1
		  9   72   336.12  7841.77385   7841.7911   4.0  1  1
		  9   72   386.11  7847.53131   7847.5394   4.0  1  1
		  9   72   567.66  7868.17558   7868.1946   4.0  1  1
		  9   72   730.40  7886.28249    7886.283   4.0  1  1
		  9   72   774.10  7891.07462    7891.075   4.0  1  1
		  9   72  1010.65  7916.43703    7916.442   4.0  1  1
		 10   73   126.86  7710.28608   7710.2692   4.0  1  1
		 10   73   288.80    7728.956    7728.951   4.0  1  1
		 10   73   408.49  7742.57036   7742.5628   4.0  1  1
		 10   73   672.48  7771.95203   7771.9468   4.0  1  1
		 10   73   767.72  7782.30148   7782.3165   4.0  1  1
		 10   73   829.41  7788.92701   7788.9342   4.0  1  1
		 11   74   298.96  7625.66199   7625.7053   4.0  1  0
		 11   74   312.24  7627.15917   7627.1749   4.0  1  1
		 11   74   327.41  7628.86637   7628.8818   4.0  1  1
		 11   74   340.24  7630.30806   7630.3106   4.0  1  1
		 11   74   493.50  7647.38498   7647.3794   4.0  1  1
		 11   74   538.56  7652.34822   7652.3202   4.0  1  1
		 11   74   552.21  7653.84669   7653.8284   4.0  1  1
		 11   74   593.38  7658.35046   7658.3246   4.0  1  1
		 11   74   608.98  7660.05134   7660.0234   4.0  1  1
		 11   74   616.79  7660.90051   7660.8903   4.0  1  1
		 11   74   701.47  7670.05884   7670.0575   4.0  1  1
		 12   75    91.51  7500.68325   7500.6556   4.0  1  1
		 12   75   177.72  7510.42063   7510.4082   4.0  1  1
		 12   75   312.75  7525.52503   7525.5079   4.0  1  1
		 12   75   529.21  7549.31193   7549.3138   4.0  1  1
		 12   75   700.93  7567.74529   7567.7417   4.0  1  1
		 12   75   717.43  7569.49354   7569.5115   4.0  1  1
		 12   75   907.46  7589.31815   7589.3151   4.0  1  1
		 13   76    11.06  7392.96865   7392.9801   4.0  1  1
		 13   76   184.24  7412.32655   7412.3368   4.0  1  1
		 13   76   240.41  7418.54693   7418.5499   4.0  1  1
		 13   76   274.60  7422.31783   7422.3118   4.0  1  1
		 13   76   301.68  7425.29531   7425.2942   4.0  1  1
		 13   76   334.91  7428.93968   7428.9405   4.0  1  1
		 13   76   347.08   7430.2713   7430.2533   4.0  1  1
		 13   76   393.86  7435.37333   7435.3683   4.0  1  1
		 13   76   402.49  7436.31135    7436.297   4.0  1  1
		 13   76   441.05  7440.49348   7440.4933   4.0  1  1
		 13   76   480.47   7444.7512   7444.7489   4.0  1  1
		 13   76   509.33  7447.85512   7447.8488   4.0  1  1
		 13   76   729.47  7471.16227   7471.1641   4.0  1  1
		 13   76   856.88  7484.32124   7484.3267   4.0  1  1
		 13   76  1018.90  7500.66382   7500.6556   4.0  1  1
		 14   77   144.39  7311.69243   7311.7159   4.0  1  1
		 14   77   183.62  7315.99843    7316.005   4.0  1  1
		 14   77   264.39  7324.81896   7324.8073   4.0  1  1
		 14   77   296.27  7328.28234    7328.285   4.0  1  1
		 14   77   506.12  7350.79779    7350.814   4.0  1  1
		 14   77   529.60  7353.28425    7353.293   4.0  1  1
		 14   77   709.98  7372.13638   7372.1184   4.0  1  1
		 14   77   915.31  7393.00512   7392.9801   4.0  1  1
		 15   78    43.71  7206.98452   7206.9804   4.0  1  1
		 15   78    53.27  7208.02947   7208.0063   4.0  1  1
		 15   78    95.95  7212.68723   7212.6896   4.0  1  1
		 15   78   145.26  7218.05039   7218.0542   4.0  1  1
		 15   78   155.54  7219.16537   7219.1515   4.0  1  1
		 15   78   368.95  7242.09058   7242.0919   4.0  1  1
		 15   78   393.45  7244.69279   7244.6965   4.0  1  1
		 15   78   588.53  7265.14898   7265.1724   4.0  1  1
		 15   78   641.70   7270.6395   7270.6636   4.0  1  1
		 16   79   125.37  7124.55281   7124.5607   4.0  1  1
		 16   79   137.33  7125.83591     7125.82   4.0  1  1
		 16   79   367.65  7150.28955   7150.2844   4.0  1  1
		 16   79   449.49  7158.84451   7158.8387   4.0  1  1
		 16   79   546.55  7168.88798   7168.8952   4.0  1  1
		 16   79   926.70  7206.97509   7206.9804   4.0  1  1
		 16   79   937.59  7208.03353   7208.0063   4.0  1  1
		 17   80    28.70  7025.21402   7025.2251   4.0  1  1
		 17   80    75.93  7030.24784   7030.2514   4.0  1  1
		 17   80   132.84  7036.29084   7036.2831   4.0  1  1
		 17   80   364.68   7060.6089   7060.6538   4.0  1  0
		 17   80   443.20  7068.71957   7068.7358   4.0  1  1
		 17   80   479.08  7072.40265   7072.3939   4.0  1  1
		 17   80   508.04  7075.36366   7075.3336   4.0  1  1
		 17   80   594.58  7084.15001    7084.169   4.0  1  1
		 17   80   619.93   7086.7054   7086.7044   4.0  1  1
		 17   80   829.50  7107.48641   7107.4778   4.0  1  1
		 17   80  1006.45  7124.50949   7124.5607   4.0  1  0
		 17   80  1020.15  7125.80549     7125.82   4.0  1  1
		 18   81    20.79  6937.65162   6937.6642   4.0  1  1
		 18   81    77.50  6943.62301   6943.6105   4.0  1  1
		 18   81    95.25  6945.48655   6945.4902   4.0  1  1
		 18   81   152.28  6951.46026   6951.4776   4.0  1  1
		 18   81   236.57  6960.23662     6960.25   4.0  1  1
		 18   81   524.29  6989.65872   6989.6553   4.0  1  1
		 18   81   549.57  6992.19898   6992.2126   4.0  1  1
		 18   81   557.68  6993.01224   6993.0371   4.0  1  1
		 18   81   635.77  7000.79774   7000.8036   4.0  1  1
		 18   81   656.77   7002.8781   7002.8829   4.0  1  1
		 18   81   817.24  7018.56797   7018.5675   4.0  1  1
		 18   81   886.70   7025.2417   7025.2251   4.0  1  1
		 18   81   939.57  7030.27009   7030.2514   4.0  1  1
		 18   81  1003.33   7036.2741   7036.2831   4.0  1  1
		 19   82    99.92  6861.27354   6861.2688   4.0  1  1
		 19   82   121.80  6863.53976    6863.535   4.0  1  1
		 19   82   148.96  6866.34672   6866.3666   4.0  1  1
		 19   82   152.91  6866.75514   6866.7634   4.0  1  1
		 19   82   196.86   6871.2836   6871.2891   4.0  1  1
		 19   82   230.65  6874.75373    6874.753   4.0  1  1
		 19   82   277.89  6879.58818   6879.5824   4.0  1  1
		 19   82   351.55  6887.08243   6887.0881   4.0  1  1
		 19   82   362.19  6888.15963   6888.1742   4.0  1  1
		 19   82   592.77  6911.20661   6911.2264   4.0  1  1
		 19   82   866.58  6937.67829   6937.6642   4.0  1  1
		 19   82   929.45  6943.60022   6943.6105   4.0  1  1
		 19   82   949.72   6945.4962   6945.4902   4.0  1  1
		 19   82  1014.08  6951.47294   6951.4776   4.0  1  1
		 20   83    96.83   6778.2952   6778.3123   4.0  1  1
		 20   83   189.55  6787.75841   6787.7364   4.0  1  1
		 20   83   200.18  6788.83899   6788.8403   4.0  1  1
		 20   83   223.65  6791.22103   6791.2351   4.0  1  1
		 20   83   559.27  6824.67879   6824.6774   4.0  1  1
		 20   83   585.60  6827.24913   6827.2488   4.0  1  1
		 20   83   603.99  6829.03991   6829.0355   4.0  1  1
		 20   83   664.73  6834.92198   6834.9246   4.0  1  1
		 20   83   943.71  6861.27373   6861.2688   4.0  1  1
		 20   83   968.27  6863.53697    6863.535   4.0  1  1
		 20   83   998.82  6866.34006   6866.3666   4.0  1  1
		 20   83  1003.60   6866.7772   6866.7634   4.0  1  1
		 21   84   259.61  6713.97469     6713.97   4.0  1  1
		 21   84   312.12  6719.20622   6719.1995   4.0  1  1
		 21   84   349.27  6722.89145   6722.8899   4.0  1  1
		 21   84   395.35  6727.44258   6727.4583   4.0  1  1
		 21   84   656.88  6752.81467   6752.8335   4.0  1  1
		 21   84   695.43  6756.48274   6756.4528   4.0  1  1
		 21   84   802.93  6766.60338   6766.6117   4.0  1  1
		 21   84   929.47  6778.30293   6778.3123   4.0  1  1
		 22   85    42.62  6613.38016    6613.374   4.0  1  1
		 22   85   108.11  6619.94127   6619.9458   4.0  1  1
		 22   85   230.38  6632.10387   6632.0837   4.0  1  1
		 22   85   292.43  6638.22742   6638.2207   4.0  1  1
		 22   85   307.88  6639.74627   6639.7403   4.0  1  1
		 22   85   348.23  6643.70351   6643.6976   4.0  1  1
		 22   85   484.25  6656.91661   6656.9386   4.0  1  1
		 22   85   502.63  6658.68682   6658.6774   4.0  1  1
		 22   85   523.19  6660.66183   6660.6761   4.0  1  1
		 22   85   539.95  6662.26873   6662.2686   4.0  1  1
		 22   85   558.66  6664.05748    6664.051   4.0  1  1
		 22   85   582.91  6666.37097   6666.3588   4.0  1  1
		 22   85   670.96  6674.70651   6674.6969   4.0  1  1
		 22   85   698.26  6677.27062   6677.2817   4.0  1  1
		 22   85   763.47  6683.35448   6683.3673   4.0  1  1
		 22   85   773.65  6684.29947   6684.2929   4.0  1  1
		 23   86    59.15  6538.12354    6538.112   4.0  1  1
		 23   86   221.67   6554.1393   6554.1603   4.0  1  1
		 23   86   270.08  6558.86849   6558.8756   4.0  1  1
		 23   86   381.19  6569.63983   6569.6322   4.0  1  1
		 23   86   459.84  6577.18931   6577.2146   4.0  1  1
		 23   86   530.51  6583.91493    6583.906   4.0  1  1
		 23   86   579.56  6588.54829   6588.5396   4.0  1  1
		 23   86   610.68  6591.47255   6591.4845   4.0  1  1
		 23   86   636.76  6593.91462   6593.9391   4.0  1  1
		 23   86   660.27  6596.10838   6596.1141   4.0  1  1
		 23   86   687.85  6598.67254   6598.6778   4.0  1  1
		 23   86   754.82  6604.85719   6604.8534   4.0  1  1
		 23   86   848.11  6613.37019    6613.374   4.0  1  1
		 23   86   921.03  6619.93649   6619.9458   4.0  1  1
		 24   87   265.61  6483.05357   6483.0825   4.0  1  1
		 24   87   311.63  6487.48039   6487.4811   4.0  1  1
		 24   87   326.15   6488.8733   6488.8832   4.0  1  1
		 24   87   345.74  6490.74959   6490.7372   4.0  1  1
		 24   87   371.28  6493.18946   6493.1975   4.0  1  1
		 24   87   379.55  6493.97827   6493.9694   4.0  1  1
		 24   87   433.50  6499.10576   6499.1061   4.0  1  1
		 24   87   517.01  6506.98002   6506.9868   4.0  1  1
		 24   87   539.35  6509.07349   6509.0503   4.0  1  1
		 24   87   574.48  6512.35414   6512.3639   4.0  1  1
		 24   87   590.69  6513.86201   6513.8462   4.0  1  1
		 24   87   679.03  6522.02591   6522.0432   4.0  1  1
		 24   87   780.99  6531.32301   6531.3418   4.0  1  1
		 24   87   856.06   6538.0768    6538.112   4.0  1  0
		 25   88     9.54  6384.72317   6384.7169   4.0  1  1
		 25   88    37.20  6387.40959   6387.3957   4.0  1  1
		 25   88   103.24  6393.80354   6393.7972   4.0  1  1
		 25   88   159.00  6399.17829   6399.2065   4.0  1  1
		 25   88   198.94  6403.01444   6403.0128   4.0  1  1
		 25   88   291.54  6411.85753   6411.8991   4.0  1  0
		 25   88   310.26  6413.63557   6413.6145   4.0  1  1
		 25   88   338.44  6416.30715   6416.3071   4.0  1  1
		 25   88   360.53  6418.39529   6418.3703   4.0  1  1
		 25   88   501.20  6431.57789    6431.555   4.0  1  1
		 25   88   581.02  6438.96112    6438.916   4.0  1  0
		 25   88   613.12  6441.90929   6441.8994   4.0  1  1
		 25   88   634.39  6443.85509   6443.8598   4.0  1  1
		 25   88   702.13  6450.01677    6450.006   4.0  1  1
		 25   88   782.88  6457.28291   6457.2824   4.0  1  1
		 25   88   940.48   6471.2061   6471.2131   4.0  1  1
		 26   89   128.93  6324.41893   6324.3978   4.0  1  1
		 26   89   149.28  6326.35756   6326.3669   4.0  1  1
		 26   89   159.05  6327.28738   6327.2778   4.0  1  1
		 26   89   202.54  6331.41648   6331.4137   4.0  1  1
		 26   89   213.94  6332.49714   6332.5118   4.0  1  1
		 26   89   221.29  6333.19241   6333.1459   4.0  1  0
		 26   89   268.20   6337.6225   6337.6201   4.0  1  1
		 26   89   290.31  6339.70434   6339.6684   4.0  1  0
		 26   89   323.95  6342.86318   6342.8595   4.0  1  1
		 26   89   358.93   6346.1355   6346.1209   4.0  1  1
		 26   89   386.61  6348.71697   6348.7375   4.0  1  1
		 26   89   464.28  6355.91954   6355.9108   4.0  1  1
		 26   89   561.98  6364.88684   6364.8937   4.0  1  1
		 26   89   608.57  6369.12502   6369.1394   4.0  1  1
		 26   89   613.57  6369.57802   6369.5748   4.0  1  1
		 26   89   639.76  6371.94652   6371.9436   4.0  1  1
		 26   89   694.96  6376.91254   6376.9305   4.0  1  1
		 26   89   782.62  6384.71703   6384.7169   4.0  1  1
		 26   89   812.68  6387.36948   6387.3957   4.0  1  1
		 26   89   885.99   6393.7867   6393.7972   4.0  1  1
		 26   89   948.69  6399.21514   6399.2065   4.0  1  1
		 26   89   993.17   6403.0317   6403.0128   4.0  1  1
		 27   90    12.39  6243.11946   6243.1201   4.0  1  1
		 27   90    67.93   6248.3882   6248.4055   4.0  1  1
		 27   90   163.60  6257.41713   6257.4237   4.0  1  1
		 27   90   206.14  6261.41048   6261.4181   4.0  1  1
		 27   90   314.86  6271.55011   6271.5444   4.0  1  1
		 27   90   342.71  6274.13045   6274.1166   4.0  1  1
		 27   90   591.94  6296.87295   6296.8722   4.0  1  1
		 27   90   637.06  6300.91591   6300.9165   4.0  1  1
		 27   90   663.12   6303.2396   6303.2507   4.0  1  1
		 27   90   713.20  6307.68151    6307.657   4.0  1  1
		 27   90   730.13   6309.1762     6309.16   4.0  1  1
		 27   90   748.45  6310.78948   6310.8101   4.0  1  1
		 27   90   805.16  6315.75401    6315.775   4.0  1  1
		 27   90   904.97  6324.38666   6324.3978   4.0  1  1
		 27   90   927.94  6326.35424   6326.3669   4.0  1  1
		 27   90   938.83  6327.28427   6327.2778   4.0  1  1
		 27   90  1000.25  6332.49662   6332.5118   4.0  1  1
		 27   90  1008.29  6333.17492   6333.1459   4.0  1  1
		 28   91    53.97   6178.4209   6178.4315   4.0  1  1
		 28   91    78.27  6180.69701    6180.705   4.0  1  1
		 28   91    99.04  6182.64017   6182.6217   4.0  1  1
		 28   91   158.10  6188.14804   6188.1251   4.0  1  1
		 28   91   198.60  6191.91042   6191.9053   4.0  1  1
		 28   91   266.77  6198.21408   6198.2227   4.0  1  1
		 28   91   324.33  6203.50743   6203.4925   4.0  1  1
		 28   91   364.93  6207.22225   6207.2201   4.0  1  1
		 28   91   460.87  6215.93746   6215.9383   4.0  1  1
		 28   91   556.50  6224.52798   6224.5272   4.0  1  1
		 28   91   576.91  6226.34807   6226.3697   4.0  1  1
		 28   91   767.75  6243.12584   6243.1201   4.0  1  1
		 28   91   829.00  6248.41237   6248.4055   4.0  1  1
		 28   91   934.80  6257.42429   6257.4237   4.0  1  1
		 28   91   981.95  6261.39003   6261.4181   4.0  1  1
		 29   92    93.39  6114.91961   6114.9234   4.0  1  1
		 29   92   352.78  6138.66078   6138.6465   4.0  1  1
		 29   92   428.01  6145.43797   6145.4411   4.0  1  1
		 29   92   501.45  6151.99887   6151.9929   4.0  1  1
		 29   92   538.03  6155.24504   6155.2385   4.0  1  1
		 29   92   643.25  6164.49897   6164.4796   4.0  1  1
		 29   92   704.52  6169.82666   6169.8221   4.0  1  1
		 29   92   708.65  6170.18418    6170.174   4.0  1  1
		 29   92   732.89  6172.27834   6172.2778   4.0  1  1
		 29   92   742.51  6173.10726   6173.0964   4.0  1  1
		 29   92   804.45   6178.4156   6178.4315   4.0  1  1
		 29   92   830.94  6180.67038    6180.705   4.0  1  0
		 29   92   853.96  6182.62232   6182.6217   4.0  1  1
		 29   92   919.45  6188.13611   6188.1251   4.0  1  1
		 29   92   964.47   6191.8927   6191.9053   4.0  1  1
		 30   93    28.50  6043.22269   6043.2233   4.0  1  1
		 30   93    41.73  6044.43833   6044.4327   4.0  1  1
		 30   93    68.56  6046.89899   6046.8977   4.0  1  1
		 30   93    92.08  6049.05285    6049.051   4.0  1  1
		 30   93   132.24  6052.72245   6052.7229   4.0  1  1
		 30   93   139.57  6053.39128   6053.3808   4.0  1  1
		 30   93   205.18  6059.35914   6059.3725   4.0  1  1
		 30   93   264.61  6064.73701   6064.7508   4.0  1  1
		 30   93   312.11   6069.0144   6069.0207   4.0  1  1
		 30   93   357.86  6073.11494   6073.1036   4.0  1  1
		 30   93   402.54  6077.10217   6077.1057   4.0  1  1
		 30   93   411.32  6077.88251   6077.8728   4.0  1  1
		 30   93   417.19  6078.40434   6078.4212   4.0  1  1
		 30   93   426.45  6079.22744   6079.2227   4.0  1  1
		 30   93   448.91  6081.21819   6081.2433   4.0  1  1
		 30   93   495.95  6085.37247   6085.3748   4.0  1  1
		 30   93   526.32  6088.04119   6088.0305   4.0  1  1
		 30   93   649.94  6098.80079   6098.8031   4.0  1  1
		 30   93   729.57  6105.63609   6105.6351   4.0  1  1
		 30   93   839.20  6114.91547   6114.9234   4.0  1  1
		 31   94   120.72  5987.29712   5987.3016   4.0  1  1
		 31   94   140.01  5989.03866   5989.0447   4.0  1  1
		 31   94   161.93  5991.01454   5991.0071   4.0  1  1
		 31   94   196.56  5994.12963   5994.1287   4.0  1  1
		 31   94   250.71  5998.98278   5998.9987   4.0  1  1
		 31   94   341.70  6007.08323   6007.0722   4.0  1  1
		 31   94   376.55  6010.16722   6010.1606   4.0  1  1
		 31   94   416.36    6013.675   6013.6777   4.0  1  1
		 31   94   500.37  6021.02698   6021.0357   4.0  1  1
		 31   94   547.90  6025.15428     6025.15   4.0  1  1
		 31   94   609.32  6030.45041    6030.445   4.0  1  1
		 31   94   628.68  6032.11068   6032.1274   4.0  1  1
		 31   94   694.18  6037.69644   6037.6975   4.0  1  1
		 31   94   706.03    6038.701   6038.6805   4.0  1  1
		 31   94   759.73  6043.23357   6043.2233   4.0  1  1
		 31   94   774.50  6044.47382   6044.4327   4.0  1  0
		 31   94   803.66  6046.91465   6046.8977   4.0  1  1
		 31   94   829.45  6049.06402    6049.051   4.0  1  1
		 31   94   873.44  6052.70956   6052.7229   4.0  1  1
		 31   94   881.68  6053.39022   6053.3808   4.0  1  1
		 31   94   954.83  6059.38735   6059.3725   4.0  1  1
		 32   95    13.74  5914.67909   5914.6709   4.0  1  1
		 32   95    60.88  5918.91718   5918.9442   4.0  1  1
		 32   95   133.31  5925.40315   5925.4036   4.0  1  1
		 32   95   152.83  5927.14533   5927.1258   4.0  1  1
		 32   95   171.57  5928.81539    5928.813   4.0  1  1
		 32   95   184.30   5929.9494   5929.9343   4.0  1  1
		 32   95   280.38  5938.46313    5938.457   4.0  1  1
		 32   95   284.32  5938.81073   5938.8252   4.0  1  1
		 32   95   350.60  5944.63852   5944.6472   4.0  1  1
		 32   95   580.06  5964.48963   5964.4723   4.0  1  1
		 32   95   625.08   5968.3193   5968.3199   4.0  1  1
		 32   95   664.13  5971.62193   5971.6008   4.0  1  1
		 32   95   688.15  5973.64397   5973.6649   4.0  1  1
		 32   95   705.33  5975.08705   5975.0648   4.0  1  1
		 32   95   852.53  5987.29576   5987.3016   4.0  1  1
		 32   95   873.99  5989.05213   5989.0447   4.0  1  1
		 32   95   897.89  5991.00178   5991.0071   4.0  1  1
		 32   95   936.55   5994.1391   5994.1287   4.0  1  1
		 32   95   997.01  5999.00436   5998.9987   4.0  1  1
		 33   96    95.24  5860.31548   5860.3103   4.0  1  1
		 33   96   133.63  5863.71398   5863.7184   4.0  1  1
		 33   96   203.28   5869.8545   5869.8507   4.0  1  1
		 33   96   218.45  5871.18796   5871.1828   4.0  1  1
		 33   96   349.51  5882.62733   5882.6242   4.0  1  1
		 33   96   384.97  5885.69714   5885.7016   4.0  1  1
		 33   96   394.51  5886.52142   5886.5314   4.0  1  1
		 33   96   418.54  5888.59307   5888.5841   4.0  1  1
		 33   96   451.77  5891.44907    5891.451   4.0  1  1
		 33   96   550.04  5899.82886   5899.8441   4.0  1  1
		 33   96   618.04  5905.56649   5905.5707   4.0  1  1
		 33   96   695.99  5912.08011   5912.0853   4.0  1  1
		 33   96   727.36  5914.68129   5914.6709   4.0  1  1
		 33   96   779.28  5918.95967   5918.9442   4.0  1  1
		 33   96   858.12  5925.39202   5925.4036   4.0  1  1
		 33   96   879.28  5927.10433   5927.1258   4.0  1  1
		 33   96   900.64  5928.82785    5928.813   4.0  1  1
		 33   96   914.34  5929.92997   5929.9343   4.0  1  1
		 34   97   105.70  5800.82272   5800.8297   4.0  1  1
		 34   97   120.06  5802.08163   5802.0798   4.0  1  1
		 34   97   143.64  5804.14435   5804.1412   4.0  1  1
		 34   97   273.14  5815.40809   5815.4219   4.0  1  1
		 34   97   453.05  5830.82875   5830.8272   4.0  1  1
		 34   97   471.06  5832.35609   5832.3705   4.0  1  1
		 34   97   493.48  5834.25275   5834.2633   4.0  1  1
		 34   97   569.47  5840.64221   5840.6404   4.0  1  1
		 34   97   607.39  5843.80762   5843.8069   4.0  1  1
		 34   97   714.40  5852.65267   5852.6806   4.0  1  1
		 34   97   724.36  5853.46862   5853.4745   4.0  1  1
		 34   97   732.43  5854.12973   5854.1207   4.0  1  1
		 34   97   808.55  5860.32228   5860.3103   4.0  1  1
		 34   97   850.62  5863.71344   5863.7184   4.0  1  1
		 34   97   927.55  5869.85603   5869.8507   4.0  1  1
		 34   97   944.17    5871.173   5871.1828   4.0  1  1
		 35   98    81.21  5739.50996   5739.5196   4.0  1  1
		 35   98   107.86  5741.82439    5741.829   4.0  1  1
		 35   98   187.79  5748.73923   5748.7412   4.0  1  1
		 35   98   237.55  5753.02169   5753.0265   4.0  1  1
		 35   98   325.67  5760.55971   5760.5508   4.0  1  1
		 35   98   360.53  5763.52413    5763.529   4.0  1  1
		 35   98   415.69  5768.19298   5768.1812   4.0  1  1
		 35   98   462.50  5772.13181   5772.1143   4.0  1  1
		 35   98   484.57  5773.98233   5773.9463   4.0  1  0
		 35   98   673.82  5789.63612   5789.6451   4.0  1  1
		 35   98   708.06  5792.42621   5792.4304   4.0  1  1
		 35   98   753.14  5796.07774   5796.0683   4.0  1  1
		 35   98   812.29  5800.83169   5800.8297   4.0  1  1
		 35   98   828.01  5802.08817   5802.0798   4.0  1  1
		 35   98   853.57  5804.12422   5804.1412   4.0  1  1
		 35   98   997.33  5815.41851   5815.4219   4.0  1  1
		 36   99    85.40  5681.90158   5681.9001   4.0  1  1
		 36   99   199.37  5691.66547   5691.6612   4.0  1  1
		 36   99   308.07  5700.89447   5700.9176   4.0  1  1
		 36   99   381.71   5707.0922   5707.1033   4.0  1  1
		 36   99   539.38  5720.19439   5720.1828   4.0  1  1
		 36   99   602.81  5725.39444   5725.3885   4.0  1  1
		 36   99   778.04  5739.52772   5739.5196   4.0  1  1
		 36   99   807.10  5741.83588    5741.829   4.0  1  1
		 36   99   894.86  5748.74523   5748.7412   4.0  1  1
		 36   99   950.00   5753.0361   5753.0265   4.0  1  1
		 37  100    92.22  5625.66907   5625.6782   4.0  1  1
		 37  100   258.69  5639.75231   5639.7461   4.0  1  1
		 37  100   365.59  5648.68917   5648.6863   4.0  1  1
		 37  100   390.02  5650.71758   5650.7043   4.0  1  1
		 37  100   492.16  5659.14094   5659.1272   4.0  1  1
		 37  100   566.00  5665.16682   5665.1799   4.0  1  1
		 37  100   775.04  5681.90532   5681.9001   4.0  1  1
		 37  100   900.18  5691.67944   5691.6612   4.0  1  1
		 38  101   106.52  5571.18039   5571.1913   4.0  1  1
		 38  101   122.43  5572.51938   5572.4649   4.0  1  0
		 38  101   132.51  5573.36679   5573.3535   4.0  1  1
		 38  101   166.31  5576.20468   5576.2045   4.0  1  1
		 38  101   183.77  5577.66715   5577.6845   4.0  1  1
		 38  101   203.95  5579.35567   5579.3583   4.0  1  1
		 38  101   296.09  5587.02654   5587.0263   4.0  1  1
		 38  101   316.57  5588.72257   5588.7506   4.0  1  1
		 38  101   393.51   5595.0646   5595.0635   4.0  1  1
		 38  101   423.07  5597.48666   5597.4756   4.0  1  1
		 38  101   467.72  5601.13162   5601.1216   4.0  1  1
		 38  101   473.66  5601.61498   5601.6032   4.0  1  1
		 38  101   509.24   5604.5026   5604.5154   4.0  1  1
		 38  101   536.79  5606.73104    5606.733   4.0  1  1
		 38  101   585.66  5610.66363   5610.6809   4.0  1  1
		 38  101   643.95  5615.32114   5615.3195   4.0  1  1
		 38  101   775.12  5625.66425   5625.6782   4.0  1  1
		 38  101   958.30  5639.76453   5639.7461   4.0  1  1
		 39  102    28.04  5510.00739   5509.9938   4.0  1  1
		 39  102    86.31  5514.88171   5514.8731   4.0  1  1
		 39  102   207.59  5524.96444    5524.957   4.0  1  1
		 39  102   381.61  5539.25016   5539.2618   4.0  1  1
		 39  102   389.59  5539.89956   5539.9106   4.0  1  1
		 39  102   426.45  5542.89122     5542.89   4.0  1  1
		 39  102   492.01  5548.18118   5548.1758   4.0  1  1
		 39  102   603.14  5557.05251   5557.0454   4.0  1  1
		 39  102   618.86   5558.2969   5558.3422   4.0  1  0
		 39  102   624.08  5558.70956    5558.702   4.0  1  1
		 39  102   742.65  5568.00303   5567.9986   4.0  1  1
		 39  102   783.65  5571.17921   5571.1913   4.0  1  1
		 39  102   800.88  5572.50834   5572.4649   4.0  1  0
		 39  102   812.03  5573.36686   5573.3535   4.0  1  1
		 39  102   868.40  5577.68175   5577.6845   4.0  1  1
		 39  102   890.57  5579.36853   5579.3583   4.0  1  1
		 39  102   992.20  5587.02019   5587.0263   4.0  1  1
		 39  102  1015.07  5588.72438   5588.7506   4.0  1  1
		 40  103   121.30  5464.23533   5464.2055   4.0  1  1
		 40  103   156.77  5467.15802   5467.1704   4.0  1  1
		 40  103   200.65  5470.76185   5470.7591   4.0  1  1
		 40  103   439.35  5490.11837   5490.1194   4.0  1  1
		 40  103   470.71  5492.62574   5492.6435   4.0  1  1
		 40  103   511.62  5495.88303   5495.8738   4.0  1  1
		 40  103   554.33  5499.26587   5499.2554   4.0  1  1
		 40  103   618.33  5504.30038   5504.3018   4.0  1  1
		 40  103   641.67  5506.12563   5506.1128   4.0  1  1
		 40  103   691.40   5509.9949   5509.9938   4.0  1  1
		 40  103   754.77  5514.88608   5514.8731   4.0  1  1
		 40  103   887.21  5524.95657    5524.957   4.0  1  1
		 41  104    67.86  5407.32756   5407.3439   4.0  1  1
		 41  104    71.68  5407.64071   5407.6535   4.0  1  1
		 41  104   109.80  5410.76184   5410.7687   4.0  1  1
		 41  104   168.10  5415.51852   5415.5226   4.0  1  1
		 41  104   192.42  5417.49722   5417.4858   4.0  1  1
		 41  104   239.91   5421.3483   5421.3517   4.0  1  1
		 41  104   272.77  5424.00468   5424.0079   4.0  1  1
		 41  104   361.25  5431.11459    5431.112   4.0  1  1
		 41  104   399.09  5434.13614   5434.1514   4.0  1  1
		 41  104   472.96  5439.99805   5439.9891   4.0  1  1
		 41  104   501.60  5442.25753   5442.2477   4.0  1  1
		 41  104   621.96  5451.66422    5451.652   4.0  1  1
		 41  104   629.26  5452.23037   5452.2187   4.0  1  1
		 41  104   785.57   5464.2055   5464.2055   4.0  1  1
		 41  104   825.01  5467.18321   5467.1704   4.0  1  1
		 41  104   872.70  5470.75889   5470.7591   4.0  1  1
		 42  105   121.07   5360.1504   5360.1501   4.0  1  1
		 42  105   252.02  5370.69413   5370.7096   4.0  1  1
		 42  105   287.28  5373.51389   5373.4943   4.0  1  1
		 42  105   303.99  5374.84628   5374.8219   4.0  1  1
		 42  105   357.82  5379.12565   5379.1105   4.0  1  1
		 42  105   452.62  5386.60266   5386.6107   4.0  1  1
		 42  105   547.20  5393.98204   5393.9719   4.0  1  1
		 42  105   557.30  5394.76496   5394.7608   4.0  1  1
		 42  105   659.08    5402.596   5402.6048   4.0  1  1
		 42  105   721.38  5407.33569   5407.3439   4.0  1  1
		 42  105   725.56  5407.65268   5407.6535   4.0  1  1
		 42  105   766.96  5410.77667   5410.7687   4.0  1  1
		 42  105   830.15  5415.50676   5415.5226   4.0  1  1
		 42  105   856.77  5417.48556   5417.4858   4.0  1  1
		 42  105   909.12   5421.3524   5421.3517   4.0  1  1
		 42  105   945.41  5424.01291   5424.0079   4.0  1  1
		 43  106   150.98  5311.98557   5312.0018   4.0  1  1
		 43  106   157.98  5312.54535   5312.5288   4.0  1  1
		 43  106   162.00  5312.86646   5312.9045   4.0  1  0
		 43  106   191.49  5315.22048   5315.2278   4.0  1  1
		 43  106   220.20  5317.50697   5317.4944   4.0  1  1
		 43  106   330.96  5326.27473   5326.2774   4.0  1  1
		 43  106   339.67  5326.96047   5326.9756   4.0  1  1
		 43  106   513.45  5340.50471   5340.4982   4.0  1  1
		 43  106   553.32  5343.57349   5343.5812   4.0  1  1
		 43  106   772.52  5360.15491   5360.1501   4.0  1  1
		 43  106   954.33  5373.49818   5373.4943   4.0  1  1
		 43  106   972.80  5374.83131   5374.8219   4.0  1  1
		 44  107    51.85  5254.46513   5254.4648   4.0  1  1
		 44  107   100.70  5258.35647   5258.3602   4.0  1  1
		 44  107   122.75  5260.10869   5260.1041   4.0  1  1
		 44  107   206.01   5266.6996   5266.7103   4.0  1  1
		 44  107   285.41  5272.94294    5272.927   4.0  1  1
		 44  107   300.38  5274.11504   5274.1188   4.0  1  1
		 44  107   389.63  5281.06777   5281.0687   4.0  1  1
		 44  107   397.10  5281.64646   5281.6285   4.0  1  1
		 44  107   465.07  5286.89271    5286.887   4.0  1  1
		 44  107   588.85  5296.33812   5296.2787   4.0  1  0
		 44  107   607.44  5297.74371   5297.7431   4.0  1  1
		 44  107   614.64  5298.28762   5298.2824   4.0  1  1
		 44  107   798.93  5312.01236   5312.0018   4.0  1  1
		 44  107   805.97  5312.52969   5312.5288   4.0  1  1
		 44  107   810.98  5312.89687   5312.9045   4.0  1  1
		 44  107   842.71  5315.21773   5315.2278   4.0  1  1
		 44  107   874.02  5317.49624   5317.4944   4.0  1  1
		 44  107  1006.08   5326.9771   5326.9756   4.0  1  1
		 45  108   120.56  5211.23975   5211.2305   4.0  1  1
		 45  108   147.55  5213.36113   5213.3492   4.0  1  1
		 45  108   221.13  5219.12311   5219.1099   4.0  1  1
		 45  108   248.61   5221.2662    5221.271   4.0  1  1
		 45  108   376.47  5231.16525   5231.1597   4.0  1  1
		 45  108   476.18   5238.7938   5238.8137   4.0  1  1
		 45  108   485.94  5239.53551    5239.552   4.0  1  1
		 45  108   593.38  5247.64633   5247.6547   4.0  1  1
		 45  108   685.04  5254.47523   5254.4648   4.0  1  1
		 45  108   737.72     5258.36   5258.3602   4.0  1  1
		 45  108   761.34  5260.09237   5260.1041   4.0  1  1
		 45  108   852.08  5266.68854   5266.7103   4.0  1  1
		 45  108   939.65  5272.96373    5272.927   4.0  1  0
		 45  108   955.82  5274.11221   5274.1188   4.0  1  1
		 46  109    58.67  5158.60298   5158.6041   4.0  1  1
		 46  109   105.67  5162.27646   5162.2846   4.0  1  1
		 46  109   120.78  5163.45528   5163.4584   4.0  1  1
		 46  109   150.57  5165.77542   5165.7728   4.0  1  1
		 46  109   285.74  5176.23348   5176.2292   4.0  1  1
		 46  109   295.22  5176.96235    5176.961   4.0  1  1
		 46  109   436.57  5187.74681   5187.7462   4.0  1  1
		 46  109   543.83  5195.81825   5195.8136   4.0  1  1
		 46  109   583.61  5198.78447   5198.7999   4.0  1  1
		 46  109   589.06  5199.18968   5199.1637   4.0  1  1
		 46  109   752.92  5211.23231   5211.2305   4.0  1  1
		 46  109   782.01  5213.34017   5213.3492   4.0  1  1
		 46  109   862.21  5219.10308   5219.1099   4.0  1  1
		 46  109   892.79  5221.28094    5221.271   4.0  1  1
		 47  110   101.64  5115.04328   5115.0448   4.0  1  1
		 47  110   142.40  5118.19197   5118.2023   4.0  1  1
		 47  110   358.86  5134.73775    5134.746   4.0  1  1
		 47  110   395.09  5137.47381   5137.4733   4.0  1  1
		 47  110   452.49  5141.78693   5141.7827   4.0  1  1
		 47  110   472.69  5143.29861   5143.2673   4.0  1  1
		 47  110   480.92  5143.91322   5143.9165   4.0  1  1
		 47  110   499.78  5145.31958   5145.3083   4.0  1  1
		 47  110   538.88  5148.22503   5148.2115   4.0  1  1
		 47  110   552.00  5149.19643   5149.2069   4.0  1  1
		 47  110   620.48  5154.24237    5154.243   4.0  1  1
		 47  110   680.15   5158.6006   5158.6041   4.0  1  1
		 47  110   731.01  5162.28654   5162.2846   4.0  1  1
		 47  110   747.08  5163.44503   5163.4584   4.0  1  1
		 47  110   779.51   5165.7757   5165.7728   4.0  1  1
		 47  110   926.86  5176.21443   5176.2292   4.0  1  1
		 47  110   937.41  5176.95254    5176.961   4.0  1  1
		 48  111    11.47  5062.03848   5062.0371   4.0  1  1
		 48  111    44.76  5064.60232    5064.602   4.0  1  1
		 48  111    49.19  5064.94249   5064.9454   4.0  1  1
		 48  111    88.64  5067.97338   5067.9737   4.0  1  1
		 48  111   265.39  5081.44614   5081.4462   4.0  1  1
		 48  111   385.80  5090.50408   5090.5455   4.0  1  0
		 48  111   465.94  5096.47043   5096.4848   4.0  1  1
		 48  111   487.36  5098.05607   5098.0432   4.0  1  1
		 48  111   522.08  5100.61763   5100.6211   4.0  1  1
		 48  111   529.10  5101.13377   5101.1299   4.0  1  1
		 48  111   668.24   5111.2759   5111.2781   4.0  1  1
		 48  111   720.53  5115.03736   5115.0448   4.0  1  1
		 48  111   764.63   5118.1873   5118.2023   4.0  1  1
		 49  112    15.53  5017.16022   5017.1628   4.0  1  1
		 49  112   166.76  5028.65629   5028.6556   4.0  1  1
		 49  112   183.04  5029.88659   5029.8916   4.0  1  1
		 49  112   307.33  5039.22296   5039.2303   4.0  1  1
		 49  112   381.12   5044.7148   5044.7195   4.0  1  1
		 49  112   388.59   5045.2682   5045.2481   4.0  1  1
		 49  112   412.75  5047.05646   5047.0434   4.0  1  1
		 49  112   449.82  5049.78992    5049.796   4.0  1  1
		 49  112   463.05  5050.76231   5050.7842   4.0  1  1
		 49  112   478.28  5051.88007   5051.8887   4.0  1  1
		 49  112   617.95   5062.0362   5062.0371   4.0  1  1
		 49  112   653.56  5064.59622    5064.602   4.0  1  1
		 49  112   658.33  5064.93793   5064.9454   4.0  1  1
		 49  112   700.95  5067.98295   5067.9737   4.0  1  1
		 49  112   893.05  5081.46791   5081.4462   4.0  1  1
		 49  112  1025.14  5090.49663   5090.5455   4.0  1  0
		 50  113   113.73  4980.18223   4980.1859   4.0  1  1
		 50  113   144.44  4982.49006   4982.4875   4.0  1  1
		 50  113   182.99  4985.37929   4985.3725   4.0  1  1
		 50  113   235.71  4989.31665   4989.3086   4.0  1  1
		 50  113   295.54  4993.76342   4993.7488   4.0  1  1
		 50  113   408.63  5002.09844   5002.0972   4.0  1  1
		 50  113   429.15  5003.60057   5003.5981   4.0  1  1
		 50  113   436.07  5004.10606   5004.1279   4.0  1  1
		 50  113   507.87  5009.32912   5009.3344   4.0  1  1
		 50  113   616.83  5017.16744   5017.1628   4.0  1  1
		 50  113   654.00   5019.8159   5019.8062   4.0  1  1
		 50  113   779.44  5028.65046   5028.6556   4.0  1  1
		 50  113   796.97  5029.87247   5029.8916   4.0  1  1
		 50  113   933.14  5039.24456   5039.2303   4.0  1  1
		 50  113  1014.17  5044.72001   5044.7195   4.0  1  1
		 51  114    69.71  4933.21725   4933.2091   4.0  1  1
		 51  114   117.64  4936.79673   4936.7746   4.0  1  1
		 51  114   131.42  4937.82373   4937.8295   4.0  1  1
		 51  114   155.84    4939.641   4939.6422   4.0  1  1
		 51  114   234.16  4945.44559   4945.4587   4.0  1  1
		 51  114   503.60   4965.0891   4965.0795   4.0  1  1
		 51  114   512.97  4965.76186   4965.7315   4.0  1  1
		 51  114   554.37  4968.72461   4968.7556   4.0  1  1
		 51  114   573.16  4970.06444   4970.0785   4.0  1  1
		 51  114   602.71   4972.1644   4972.1597   4.0  1  1
		 51  114   716.70  4980.18773   4980.1859   4.0  1  1
		 51  114   749.63  4982.48151   4982.4875   4.0  1  1
		 51  114   791.21  4985.36142   4985.3725   4.0  1  1
		 52  115    52.37  4889.04332   4889.0422   4.0  1  1
		 52  115   132.13  4894.94824   4894.9551   4.0  1  1
		 52  115   228.65  4902.04703   4902.0545   4.0  1  1
		 52  115   265.61   4904.7507   4904.7516   4.0  1  1
		 52  115   339.88  4910.15484   4910.1576   4.0  1  1
		 52  115   473.93  4919.80609   4919.8157   4.0  1  1
		 52  115   586.15  4927.77087   4927.7803   4.0  1  1
		 52  115   664.02  4933.23019   4933.2091   4.0  1  1
		 52  115   715.10  4936.77935   4936.7746   4.0  1  1
		 52  115   730.25  4937.82678   4937.8295   4.0  1  1
		 52  115   756.74  4939.65297   4939.6422   4.0  1  1
		 52  115   841.73  4945.46189   4945.4587   4.0  1  1
		 53  116    64.73  4847.81534   4847.8095   4.0  1  1
		 53  116    72.50  4848.38666   4848.3625   4.0  1  1
		 53  116   100.60  4850.44981   4850.4397   4.0  1  1
		 53  116   248.13  4861.21127   4861.2167   4.0  1  1
		 53  116   255.17  4861.72108   4861.7173   4.0  1  1
		 53  116   275.04  4863.15968   4863.1724   4.0  1  1
		 53  116   306.98   4865.4665   4865.4775   4.0  1  1
		 53  116   313.37  4865.92717     4865.91   4.0  1  1
		 53  116   336.03  4867.55857    4867.556   4.0  1  1
		 53  116   354.37  4868.87597   4868.8814   4.0  1  1
		 53  116   410.67  4872.90502   4872.9169   4.0  1  1
		 53  116   430.85    4874.343   4874.3645   4.0  1  1
		 53  116   482.32   4877.9967   4878.0094   4.0  1  1
		 53  116   492.80  4878.73787    4878.733   4.0  1  1
		 53  116   508.79  4879.86695   4879.8635   4.0  1  1
		 53  116   542.75  4882.25787   4882.2432   4.0  1  1
		 53  116   640.02  4889.04828   4889.0422   4.0  1  1
		 53  116   725.85  4894.96601   4894.9551   4.0  1  1
		 53  116   870.28  4904.75289   4904.7516   4.0  1  1
		 54  117    59.57  4806.01496   4806.0205   4.0  1  1
		 54  117    88.66   4808.1347   4808.1337   4.0  1  1
		 54  117   108.97  4809.61184    4809.614   4.0  1  1
		 54  117   147.67  4812.42033   4812.3755   4.0  1  0
		 54  117   155.65  4812.99868   4813.0069   4.0  1  1
		 54  117   167.78   4813.8767   4813.8963   4.0  1  1
		 54  117   265.11   4820.8914   4820.8847   4.0  1  1
		 54  117   275.03  4821.60331   4821.5878   4.0  1  1
		 54  117   292.55  4822.85831   4822.8548   4.0  1  1
		 54  117   302.95  4823.60247   4823.6058   4.0  1  1
		 54  117   346.34  4826.69895   4826.7004   4.0  1  1
		 54  117   390.10  4829.80805   4829.7973   4.0  1  1
		 54  117   408.55  4831.11451   4831.1213   4.0  1  1
		 54  117   415.44  4831.60187   4831.5975   4.0  1  1
		 54  117   432.48  4832.80579   4832.8025   4.0  1  1
		 54  117   547.31  4840.85478   4840.8492   4.0  1  1
		 54  117   591.37  4843.91278   4843.9413   4.0  1  1
		 54  117   609.35  4845.15638   4845.1626   4.0  1  1
		 54  117   647.86  4847.80825   4847.8095   4.0  1  1
		 54  117   655.98  4848.36587   4848.3625   4.0  1  1
		 54  117   666.90  4849.11464   4849.1399   4.0  1  1
		 54  117   677.82  4849.86187   4849.8617   4.0  1  1
		 54  117   686.11  4850.42866   4850.4397   4.0  1  1
		 54  117   721.74  4852.85654   4852.8685   4.0  1  1
		 54  117   845.99  4861.22285   4861.2167   4.0  1  1
		 54  117   853.21  4861.70412   4861.7173   4.0  1  1
		 54  117   875.19  4863.16515   4863.1724   4.0  1  1
		 54  117   909.89  4865.46142   4865.4775   4.0  1  1
		 54  117   916.87  4865.92151     4865.91   4.0  1  1
		 54  117   941.68   4867.5527    4867.556   4.0  1  1
		 54  117   962.11  4868.89091   4868.8814   4.0  1  1
		 54  117  1024.14   4872.9245   4872.9169   4.0  1  1
		 55  118    53.52  4764.85959   4764.8646   4.0  1  1
		 55  118    77.43  4766.58731   4766.6006   4.0  1  1
		 55  118   198.54  4775.29487    4775.313   4.0  1  1
		 55  118   205.34  4775.78147    4775.794   4.0  1  1
		 55  118   240.50  4778.29253    4778.294   4.0  1  1
		 55  118   260.09  4779.68868   4779.7286   4.0  1  0
		 55  118   303.39  4782.76477   4782.7612   4.0  1  1
		 55  118   319.29  4783.89118   4783.8617   4.0  1  1
		 55  118   365.45   4787.1515    4787.148   4.0  1  1
		 55  118   397.22  4789.38657   4789.3868   4.0  1  1
		 55  118   637.35  4806.01662   4806.0205   4.0  1  1
		 55  118   668.40  4808.13008   4808.1337   4.0  1  1
		 55  118   690.07    4809.599    4809.614   4.0  1  1
		 55  118   731.13  4812.37087   4812.3755   4.0  1  1
		 55  118   740.37  4812.99198   4813.0069   4.0  1  1
		 55  118   753.56  4813.87818   4813.8963   4.0  1  1
		 55  118   858.76   4820.8766   4820.8847   4.0  1  1
		 55  118   869.89  4821.61009   4821.5878   4.0  1  1
		 55  118   888.90  4822.85985   4822.8548   4.0  1  1
		 55  118   900.34  4823.61039   4823.6058   4.0  1  1
		 55  118   947.63  4826.69623   4826.7004   4.0  1  1
		 55  118  1015.96  4831.10976   4831.1213   4.0  1  1
		 56  119    34.31  4723.45071   4723.4382   4.0  1  1
		 56  119    82.00  4726.87009   4726.8683   4.0  1  1
		 56  119   113.68  4729.13545   4729.1282   4.0  1  1
		 56  119   154.53  4732.04864   4732.0532   4.0  1  1
		 56  119   208.80  4735.90427   4735.9058   4.0  1  1
		 56  119   262.07  4739.67271   4739.6764   4.0  1  1
		 56  119   274.51  4740.55034   4740.5292   4.0  1  1
		 56  119   280.30  4740.95793   4740.9585   4.0  1  1
		 56  119   296.83  4742.12163   4742.1174   4.0  1  1
		 56  119   319.27  4743.69876    4743.687   4.0  1  1
		 56  119   342.74  4745.34434   4745.3375   4.0  1  1
		 56  119   398.13  4749.21245   4749.2002   4.0  1  1
		 56  119   408.75  4749.95104   4749.9713   4.0  1  1
		 56  119   618.25  4764.34464   4764.3463   4.0  1  1
		 56  119   626.01  4764.87056   4764.8646   4.0  1  1
		 56  119   651.59  4766.59964   4766.6006   4.0  1  1
		 56  119   750.72  4773.24376    4773.241   4.0  1  1
		 56  119   781.62  4775.29459    4775.313   4.0  1  1
		 56  119   789.22  4775.79789    4775.794   4.0  1  1
		 56  119   810.56  4777.20685   4777.1915   4.0  1  1
		 56  119   827.08  4778.29441    4778.294   4.0  1  1
		 56  119   963.86  4787.18648    4787.148   4.0  1  0
		 56  119   998.24  4789.38899   4789.3868   4.0  1  1
		 57  120   292.62  4702.32058   4702.3161   4.0  1  1
		 57  120   316.50   4703.9844   4703.9898   4.0  1  1
		 57  120   572.87  4721.58919    4721.591   4.0  1  1
		 57  120   600.40  4723.44796   4723.4382   4.0  1  1
		 57  120   651.15  4726.85637   4726.8683   4.0  1  1
		 57  120   685.15  4729.12683   4729.1282   4.0  1  1
		 57  120   729.18  4732.05001   4732.0532   4.0  1  1
		 57  120   787.74  4735.90951   4735.9058   4.0  1  1
		 57  120   845.46  4739.67882   4739.6764   4.0  1  1
		 57  120   858.62  4740.53317   4740.5292   4.0  1  1
		 57  120   865.54  4740.98185   4740.9585   4.0  1  1
		 57  120   883.39  4742.13638   4742.1174   4.0  1  1
		 58  121   212.38   4657.8954   4657.9012   4.0  1  1
		 58  121   288.84   4663.2062   4663.2026   4.0  1  1
		 58  121   340.60  4666.78028   4666.7985   4.0  1  1
		 58  121   387.18  4669.98119   4669.9842   4.0  1  1
		 58  121   441.01  4673.66008   4673.6609   4.0  1  1
		 58  121   476.26  4676.05696   4676.0555   4.0  1  1
		 58  121   538.30  4680.25257   4680.2377   4.0  1  1
		 58  121   543.94  4680.63177    4680.646   4.0  1  1
		 58  121   627.01  4686.19445   4686.1946   4.0  1  1
		 58  121   693.78  4690.62008   4690.6219   4.0  1  1
		 58  121   708.96  4691.62062   4691.6354   4.0  1  1
		 58  121   746.84  4694.10714   4694.0914   4.0  1  1
		 58  121   760.95  4695.03013   4695.0381   4.0  1  1
		 58  121   873.54  4702.32028   4702.3161   4.0  1  1
		 58  121   899.68  4703.99368   4703.9898   4.0  1  1
		 59  122    66.15  4609.56275   4609.5673   4.0  1  1
		 59  122   339.06   4628.4329   4628.4409   4.0  1  1
		 59  122   468.72  4637.22986   4637.2328   4.0  1  1
		 59  122   490.35  4638.68509   4638.6849   4.0  1  1
		 59  122   609.66  4646.64352   4646.6861   4.0  1  0
		 59  122   618.75  4647.24443   4647.2509   4.0  1  1
		 59  122   782.07  4657.91894   4657.9012   4.0  1  1
		 59  122   864.61    4663.214   4663.2026   4.0  1  1
		 59  122   921.09  4666.79641   4666.7985   4.0  1  1
		 59  122   971.69  4669.97683   4669.9842   4.0  1  1
		 60  123   171.17  4579.34971   4579.3495   4.0  1  1
		 60  123   304.11  4588.44117   4588.4261   4.0  1  1
		 60  123   325.39  4589.88664   4589.8978   4.0  1  1
		 60  123   366.32  4592.65779    4592.666   4.0  1  1
		 60  123   407.03  4595.40206   4595.4206   4.0  1  1
		 60  123   417.30   4596.0924   4596.0967   4.0  1  1
		 60  123   457.13  4598.76314   4598.7627   4.0  1  1
		 60  123   620.55  4609.58803   4609.5673   4.0  1  1
		 60  123   914.43  4628.44359   4628.4409   4.0  1  1
		 61  124   149.81  4540.97287    4540.999   4.0  1  1
		 61  124   209.75  4545.05898   4545.0519   4.0  1  1
		 61  124   222.52  4545.92657   4545.9156   4.0  1  1
		 61  124   314.84  4552.17111   4552.1536   4.0  1  1
		 61  124   369.11  4555.81693   4555.8127   4.0  1  1
		 61  124   451.92  4561.33916   4561.3477   4.0  1  1
		 61  124   598.16  4570.96356   4570.9722   4.0  1  1
		 61  124   727.93  4579.35125   4579.3495   4.0  1  1
		 61  124   871.07  4588.41738   4588.4261   4.0  1  1
		 61  124   894.82  4589.90201   4589.8978   4.0  1  1
		 61  124   939.08  4592.65184    4592.666   4.0  1  1
		 61  124   983.78  4595.40792   4595.4206   4.0  1  1
		 61  124   994.85  4596.08727   4596.0967   4.0  1  1
		 62  125   124.31  4502.92757   4502.9268   4.0  1  1
		 62  125   158.05  4505.21571   4505.2167   4.0  1  1
		 62  125   239.72  4510.72882   4510.7332   4.0  1  1
		 62  125   276.85  4513.22186   4513.2231   4.0  1  1
		 62  125   283.89  4513.69398   4513.6799   4.0  1  1
		 62  125   305.13  4515.11527   4515.1182   4.0  1  1
		 62  125   396.54   4521.1998   4521.1939   4.0  1  1
		 62  125   413.49  4522.32199    4522.323   4.0  1  1
		 62  125   538.88  4530.55497   4530.5523   4.0  1  1
		 62  125   700.88  4541.00108    4540.999   4.0  1  1
		 62  125   764.75   4545.0548   4545.0519   4.0  1  1
		 62  125   778.48  4545.92169   4545.9156   4.0  1  1
		 63  126   236.95    4474.756   4474.7594   4.0  1  1
		 63  126   343.04  4481.80208   4481.8107   4.0  1  1
		 63  126   366.44  4483.34638   4483.3468   4.0  1  1
		 63  126   420.42  4486.89467   4486.8973   4.0  1  1
		 63  126   429.63  4487.49792   4487.4955   4.0  1  1
		 63  126   447.82  4488.68759   4488.6803   4.0  1  1
		 63  126   462.82  4489.66737   4489.6645   4.0  1  1
		 63  126   483.00   4490.9819   4490.9816   4.0  1  1
		 63  126   519.18  4493.33133   4493.3337   4.0  1  1
		 63  126   600.00  4498.54201   4498.5384   4.0  1  1
		 63  126   606.35   4498.9492   4498.9401   4.0  1  1
		 63  126   622.60  4499.98963   4499.9832   4.0  1  1
		 63  126   668.61  4502.92234   4502.9268   4.0  1  1
		 63  126   704.78  4505.21465   4505.2167   4.0  1  1
		 63  126   724.63  4506.46811    4506.473   4.0  1  1
		 63  126   746.13  4507.82107   4507.8339   4.0  1  1
		 63  126   792.69  4510.73634   4510.7332   4.0  1  1
		 63  126   832.77  4513.22895   4513.2231   4.0  1  1
		 63  126   840.18  4513.68822   4513.6799   4.0  1  1
		 63  126   863.27  4515.11499   4515.1182   4.0  1  1
		 63  126   962.77  4521.20212   4521.1939   4.0  1  1
		 63  126   981.41  4522.33091    4522.323   4.0  1  1
		 64  127    34.15  4425.99966   4426.0011   4.0  1  1
		 64  127    96.70  4430.19503    4430.189   4.0  1  1
		 64  127   108.76  4431.00185   4430.9963   4.0  1  1
		 64  127   151.17  4433.83385    4433.838   4.0  1  1
		 64  127   235.65  4439.44714   4439.4614   4.0  1  1
		 64  127   242.33  4439.88914   4439.8793   4.0  1  1
		 64  127   333.37  4445.88876   4445.9012   4.0  1  1
		 64  127   379.19  4448.88812   4448.8792   4.0  1  1
		 64  127   388.97  4449.52662   4449.5206   4.0  1  1
		 64  127   435.77  4452.57169   4452.5655   4.0  1  1
		 64  127   519.93  4458.00802   4458.0015   4.0  1  1
		 64  127   785.12  4474.75568   4474.7594   4.0  1  1
		 64  127   900.10   4481.8149   4481.8107   4.0  1  1
		 65  128   164.55  4400.09239   4400.0968   4.0  1  1
		 65  128   178.30  4401.00007   4400.9863   4.0  1  1
		 65  128   207.41  4402.91891   4402.9271   4.0  1  1
		 65  128   298.32   4408.8808   4408.8828   4.0  1  1
		 65  128   564.43  4426.01743   4426.0011   4.0  1  1
		 65  128   630.47  4430.18666    4430.189   4.0  1  1
		 65  128   643.40  4430.99918   4430.9963   4.0  1  1
		 65  128   663.10  4432.23305   4432.2523   4.0  1  1
		 65  128   674.76  4432.96234   4432.9628   4.0  1  1
		 65  128   688.87  4433.84287    4433.838   4.0  1  1
		 65  128   779.56  4439.45996   4439.4614   4.0  1  1
		 65  128   786.59  4439.89199   4439.8793   4.0  1  1
		 65  128   884.77   4445.8791   4445.9012   4.0  1  1
		 65  128   934.66  4448.88442   4448.8792   4.0  1  1
		 65  128   945.11  4449.51104   4449.5206   4.0  1  1
		 66  129   104.78  4362.07038   4362.0662   4.0  1  1
		 66  129   192.58  4367.83133   4367.8316   4.0  1  1
		 66  129   246.18  4371.32924    4371.329   4.0  1  1
		 66  129   288.98  4374.11006   4374.1239   4.0  1  1
		 66  129   317.48  4375.95509   4375.9542   4.0  1  1
		 66  129   375.24  4379.68015   4379.6668   4.0  1  1
		 66  129   459.24  4385.05634   4385.0566   4.0  1  1
		 66  129   554.77   4391.1078   4391.1105   4.0  1  1
		 66  129   698.92  4400.09952   4400.0968   4.0  1  1
		 66  129   713.11  4400.97535   4400.9863   4.0  1  1
		 66  129   723.44  4401.61177    4401.581   4.0  1  1
		 66  129   745.01  4402.93696   4402.9271   4.0  1  1
		 66  129   842.72  4408.88669   4408.8828   4.0  1  1
		 67  130   145.69  4331.19844   4331.1995   4.0  1  1
		 67  130   158.36  4332.02304   4332.0297   4.0  1  1
		 67  130   182.00  4333.55912   4333.5612   4.0  1  1
		 67  130   209.37   4335.3348   4335.3379   4.0  1  1
		 67  130   319.61  4342.44274   4342.4442   4.0  1  1
		 67  130   407.76  4348.07167    4348.064   4.0  1  1
		 67  130   473.03  4352.20549   4352.2049   4.0  1  1
		 67  130   630.81  4362.06568   4362.0662   4.0  1  1
		 67  130   658.84  4363.79629   4363.7945   4.0  1  1
		 67  130   693.52  4365.92825   4365.9301   4.0  1  1
		 67  130   724.65  4367.83236   4367.8316   4.0  1  1
		 67  130   772.72   4370.7566   4370.7532   4.0  1  1
		 67  130   782.24  4371.33356    4371.329   4.0  1  1
		 67  130   828.36  4374.11446   4374.1239   4.0  1  1
		 67  130   859.06   4375.9551   4375.9542   4.0  1  1
		 67  130   921.39  4379.66278   4379.6668   4.0  1  1
		 68  131   286.23  4307.17787   4307.1762   4.0  1  1
		 68  131   318.38  4309.22744   4309.2392   4.0  1  1
		 68  131   377.70  4312.99222   4312.9975   4.0  1  1
		 68  131   413.50  4315.25281   4315.2543   4.0  1  1
		 68  131   632.91  4328.90351   4328.9154   4.0  1  1
		 68  131   670.40  4331.19755   4331.1995   4.0  1  1
		 68  131   684.02  4332.02789   4332.0297   4.0  1  1
		 68  131   709.21  4333.55994   4333.5612   4.0  1  1
		 68  131   738.62  4335.34114   4335.3379   4.0  1  1
		 68  131   857.04   4342.4346   4342.4442   4.0  1  1
		 68  131   952.75  4348.06995    4348.064   4.0  1  1
		 69  132    48.72  4259.36602   4259.3619   4.0  1  1
		 69  132   156.38  4266.28777   4266.2864   4.0  1  1
		 69  132   248.52  4272.16741   4272.1689   4.0  1  1
		 69  132   267.29  4273.35928   4273.3574   4.0  1  1
		 69  132   295.72  4275.16121   4275.1596   4.0  1  1
		 69  132   333.16  4277.52633   4277.5282   4.0  1  1
		 69  132   418.83   4282.9051   4282.8976   4.0  1  1
		 69  132   698.68  4300.10078   4300.1008   4.0  1  1
		 69  132   708.02  4300.66373   4300.6495   4.0  1  1
		 69  132   816.86  4307.16708   4307.1762   4.0  1  1
		 69  132   851.72  4309.22739   4309.2392   4.0  1  1
		 69  132   916.02  4312.99729   4312.9975   4.0  1  1
		 69  132   954.89  4315.25662   4315.2543   4.0  1  1
		 70  133    42.83  4226.98034   4226.9876   4.0  1  1
		 70  133    61.26  4228.16006    4228.158   4.0  1  1
		 70  133    87.76  4229.85401   4229.8644   4.0  1  1
		 70  133   203.56  4237.21809   4237.2198   4.0  1  1
		 70  133   412.61  4250.32799   4250.3146   4.0  1  1
		 70  133   426.54  4251.19149   4251.1846   4.0  1  1
		 70  133   528.87   4257.4942   4257.4963   4.0  1  1
		 70  133   559.46  4259.36317   4259.3619   4.0  1  1
		 70  133   673.64  4266.27385   4266.2864   4.0  1  1
		 70  133   772.43  4272.16499   4272.1689   4.0  1  1
		 70  133   792.83  4273.37066   4273.3574   4.0  1  1
		 70  133   823.13  4275.15488   4275.1596   4.0  1  1
		 70  133   863.64  4277.52704   4277.5282   4.0  1  1
		 70  133   956.39   4282.8996   4282.8976   4.0  1  1
		 71  134    87.95  4198.31613    4198.317   4.0  1  1
		 71  134   125.25  4200.67667   4200.6745   4.0  1  1
		 71  134   145.71  4201.96856     4201.95   4.0  1  1
		 71  134   255.69  4208.87909   4208.8907   4.0  1  1
		 71  134   288.54  4210.93097   4210.9232   4.0  1  1
		 71  134   322.81  4213.06445   4213.0673   4.0  1  1
		 71  134   351.46  4214.84216   4214.8285   4.0  1  1
		 71  134   393.39  4217.43496   4217.4308   4.0  1  1
		 71  134   413.32  4218.66363   4218.6649   4.0  1  1
		 71  134   478.08  4222.63598   4222.6373   4.0  1  1
		 71  134   549.69  4226.99383   4226.9876   4.0  1  1
		 71  134   569.01  4228.16298    4228.158   4.0  1  1
		 71  134   597.45  4229.87856   4229.8644   4.0  1  1
		 71  134   690.77  4235.46194   4235.4636   4.0  1  1
		 71  134   720.38  4237.21836   4237.2198   4.0  1  1
		 71  134   945.35  4250.30923   4250.3146   4.0  1  1
		 71  134   960.71  4251.18634   4251.1846   4.0  1  1
		 72  135   323.06  4181.88423   4181.8836   4.0  1  1
		 72  135   467.22  4190.70809   4190.7129   4.0  1  1
		 72  135   472.57  4191.03315   4191.0294   4.0  1  1
		 72  135   505.41  4193.02232   4193.0164   4.0  1  1
		 72  135   536.83  4194.91732   4194.9318   4.0  1  1
		 72  135   593.47  4198.31571    4198.317   4.0  1  1
		 72  135   633.01  4200.67289   4200.6745   4.0  1  1
		 72  135   654.84  4201.96911     4201.95   4.0  1  1
		 72  135   772.37  4208.87874   4208.8907   4.0  1  1
		 72  135   807.67  4210.93038   4210.9232   4.0  1  1
		 72  135   921.15  4217.45145   4217.4308   4.0  1  1
		 72  135   942.39  4218.65899   4218.6649   4.0  1  1
		 73  136   445.46  4158.59181   4158.5905   4.0  1  1
		 73  136   538.50  4164.18127   4164.1795   4.0  1  1
		 73  136   565.01  4165.76199   4165.7661   4.0  1  1
		 73  136   645.52  4170.52996   4170.5333   4.0  1  1
		 73  136   840.93  4181.87954   4181.8836   4.0  1  1
		 73  136   997.07   4190.7072   4190.7129   4.0  1  1
		 73  136  1003.09  4191.04294   4191.0294   4.0  1  1
		 74  137   190.56    4112.764   4112.7545   4.0  1  1
		 74  137   239.29  4115.75303   4115.7589   4.0  1  1
		 74  137   254.99   4116.7135   4116.7137   4.0  1  1
		 74  137   431.17  4127.39092    4127.412   4.0  1  1
		 74  137   491.56  4131.00411   4131.0021   4.0  1  1
		 74  137   503.68  4131.72612   4131.7235   4.0  1  1
		 74  137   520.55  4132.72967   4132.7533   4.0  1  1
		 74  137   543.19  4134.07266   4134.0681   4.0  1  1
		 74  137   969.39  4158.58106   4158.5905   4.0  1  1
	offset	63
	niterate 3
	lowreject 3.
	highreject 3.
	coefficients	33
		1.
		5.
		5.
		1.
		1.
		1028.
		64.
		137.
		566035.284571242
		4176.30686290399
		-64.81081420955598
		-4.746433627152046
		0.1702039842048705
		31.09020143787501
		2.544552059685974
		0.2750107793697518
		-0.1247963285568444
		0.2033912454020832
		3.273069825640124
		-7.862360368481462
		0.2159272112487645
		0.08237995737884789
		-0.03779160425698899
		0.3067064961051543
		-1.856883068622239
		0.1735429958117455
		0.1497202094647153
		0.08825999557588875
		0.06954505323281225
		-0.4514479444082085
		0.04151560561865746
		-0.003487524635061848
		0.120088030509513

